<?xml version="1.0"?>
<opencv_storage>
<intrinsics type_id="opencv-matrix">
  <rows>3</rows>
  <cols>3</cols>
  <dt>d</dt>
  <data>
    5.2499996037792255e+02 0. 3.1950002769042908e+02 0.
    5.2500000689363139e+02 2.3950000329190260e+02 0. 0. 1.</data></intrinsics>
</opencv_storage>
